1,2017-10-05,,Arizona Coyotes,5,4,W,,,41,18,0,4,0,,30,8,2,4,0,,49,47,51.0,42,32,56.8,31,25,55.4,58.1,106.6
2,2017-10-07,,Philadelphia Flyers,2,3,L,OT,,23,12,0,2,1,,37,6,0,5,0,,42,40,51.2,31,31,50.0,20,22,47.6,59.1,94.0
3,2017-10-09,,Calgary Flames,0,2,L,,,43,13,0,5,0,,29,15,1,4,0,,56,54,50.9,46,40,53.5,17,18,48.6,52.6,95.7
4,2017-10-11,,New York Islanders,3,2,W,,,30,10,0,4,0,,41,8,0,5,0,,38,55,40.9,30,39,43.5,20,21,48.8,45.8,106.5
5,2017-10-13,@,Colorado Avalanche,1,3,L,,,18,14,0,2,1,,39,4,2,8,0,,29,56,34.1,22,37,37.3,18,29,38.3,50.0,96.2
6,2017-10-15,,Buffalo Sabres,1,3,L,,,26,6,0,4,1,,31,8,0,3,0,,47,45,51.1,35,35,50.0,25,20,55.6,43.0,89.3
7,2017-10-20,,Montreal Canadiens,6,2,W,,,45,34,1,4,0,,51,22,1,6,0,,50,54,48.1,42,47,47.2,36,21,63.2,51.4,110.3
8,2017-10-24,@,Philadelphia Flyers,6,2,W,,,25,19,1,3,0,,33,15,0,6,0,,39,36,52.0,23,28,45.1,19,24,44.2,56.9,111.5
9,2017-10-26,@,Florida Panthers,3,8,L,,,34,11,0,3,0,,22,11,1,3,1,,40,25,61.5,33,22,60.0,23,17,57.5,66.7,72.0
10,2017-10-28,@,Tampa Bay Lightning,4,1,W,,,21,8,2,2,0,,32,2,0,4,0,,35,48,42.2,20,36,35.7,24,32,42.9,35.1,109.2
11,2017-10-29,@,Carolina Hurricanes,4,3,W,SO,,25,6,0,0,0,,37,0,1,3,0,,45,73,38.1,37,54,40.7,19,28,40.4,24.3,106.3
12,2017-11-01,,Toronto Maple Leafs,1,3,L,,,29,4,0,4,0,,29,8,0,2,0,,39,48,44.8,25,33,43.1,26,24,52.0,54.8,93.4
13,2017-11-03,,Nashville Predators,3,5,L,,,38,8,1,4,0,,30,8,1,4,0,,61,50,55.0,45,38,54.2,28,23,54.9,67.0,88.3
14,2017-11-04,@,San Jose Sharks,1,2,L,SO,,26,6,0,1,0,,45,2,0,3,0,,52,68,43.3,34,52,39.5,25,25,50.0,34.3,101.8
15,2017-11-07,,Los Angeles Kings,3,4,L,OT,,36,19,0,5,0,,43,30,1,7,0,,43,45,48.9,36,36,50.0,18,23,43.9,39.0,101.4
16,2017-11-09,,Vancouver Canucks,4,1,W,,,35,15,3,6,0,,20,27,0,5,0,,53,29,64.6,42,19,68.9,26,19,57.8,38.6,96.9
17,2017-11-12,,Tampa Bay Lightning,1,2,L,,,29,4,0,1,0,,37,2,1,2,0,,58,66,46.8,38,48,44.2,34,32,51.5,46.8,100.8
18,2017-11-15,,Boston Bruins,4,2,W,,,27,4,0,0,0,,42,0,0,2,0,,47,68,40.9,37,57,39.4,27,28,49.1,40.0,110.5
19,2017-11-19,,Florida Panthers,3,2,W,,,28,19,2,4,0,,52,15,1,6,0,,37,62,37.4,27,51,34.6,22,20,52.4,19.6,103.3
20,2017-11-20,@,San Jose Sharks,3,2,W,SO,,30,6,0,2,0,,42,4,1,3,0,,34,67,33.7,27,50,35.1,33,27,55.0,44.6,106.0
21,2017-11-22,,Vegas Golden Knights,2,4,L,,,19,11,1,4,0,,49,13,1,3,0,,28,69,28.9,21,55,27.6,33,24,57.9,26.7,100.7
22,2017-11-24,,Winnipeg Jets,1,4,L,,,31,8,0,2,0,,36,6,2,3,0,,54,55,49.5,38,43,46.9,23,27,46.0,40.7,98.1
23,2017-11-25,@,Los Angeles Kings,1,2,L,SO,,26,23,0,2,0,,34,17,0,4,0,,42,59,41.6,38,46,45.2,28,28,50.0,42.5,100.7
24,2017-11-27,@,Chicago Blackhawks,3,7,L,,,29,10,1,2,0,,35,8,2,3,0,,41,61,40.2,30,43,41.1,21,21,50.0,38.7,91.7
25,2017-11-29,@,St. Louis Blues,3,2,W,,,30,8,2,6,0,,39,12,0,4,0,,34,40,45.9,25,27,48.1,23,17,57.5,54.2,94.0
26,2017-12-01,@,Columbus Blue Jackets,2,4,L,,,27,18,0,4,0,,31,10,1,7,0,,32,40,44.4,24,33,42.1,19,23,45.2,42.9,97.5
27,2017-12-02,@,Nashville Predators,2,3,L,SO,,35,17,1,2,0,,35,13,2,4,0,,45,46,49.5,40,36,52.6,25,30,45.5,52.7,103.0
28,2017-12-05,@,Vegas Golden Knights,3,4,L,SO,,29,10,1,3,0,,43,6,0,4,0,,40,60,40.0,27,44,38.0,23,30,43.4,50.5,100.3
29,2017-12-06,,Ottawa Senators,3,0,W,,,22,11,0,2,0,,29,9,,3,,,32,47,40.5,21,37,36.2,30,26,53.6,39.0,118.8
30,2017-12-08,,Minnesota Wild,2,3,L,OT,,28,6,0,3,0,,31,8,0,2,0,,50,54,48.1,37,42,46.8,18,17,51.4,53.3,97.6
31,2017-12-11,,Carolina Hurricanes,3,2,W,,,23,6,0,2,0,,30,4,0,3,0,,46,55,45.5,34,37,47.9,26,26,50.0,37.1,105.2
32,2017-12-14,@,St. Louis Blues,3,1,W,,,18,6,0,1,0,,30,2,0,4,0,,40,45,47.1,25,31,44.6,22,26,45.8,28.7,114.6
33,2017-12-16,@,Washington Capitals,2,3,L,OT,,30,5,1,1,0,,27,7,0,0,0,,60,68,46.9,44,45,49.4,24,24,50.0,38.7,92.3
34,2017-12-18,@,New Jersey Devils,3,5,L,,,24,4,0,2,0,,34,4,1,2,0,,46,44,51.1,31,40,43.7,32,24,57.1,52.5,100.3
35,2017-12-19,@,New York Rangers,1,4,L,,,40,4,0,2,0,,32,4,0,2,0,,60,46,56.6,46,40,53.5,23,22,51.1,57.8,89.2
36,2017-12-21,@,New York Islanders,5,4,W,OT,,40,8,0,2,0,,26,6,2,3,0,,65,46,58.6,50,31,61.7,39,29,57.4,59.2,104.4
37,2017-12-23,@,Pittsburgh Penguins,4,0,W,,,23,6,1,2,1,,29,6,,2,,,38,46,45.2,28,34,45.2,20,28,41.7,37.9,110.0
38,2017-12-27,,Vegas Golden Knights,1,4,L,,,28,4,0,2,0,,28,4,0,2,0,,58,42,58.0,41,32,56.2,25,23,52.1,60.7,86.2
39,2017-12-29,,Calgary Flames,2,1,W,,,41,13,1,6,0,,23,19,0,3,0,,50,50,50.0,45,30,60.0,21,27,43.8,59.1,97.6
40,2017-12-31,,Arizona Coyotes,5,2,W,,,26,6,0,1,0,,25,2,2,4,0,,49,52,48.5,40,32,55.6,35,18,66.0,50.0,120.8
41,2018-01-02,@,Vancouver Canucks,5,0,W,,,27,13,0,2,0,,31,9,,4,,,38,45,45.8,30,35,46.2,25,32,43.9,42.3,120.8
42,2018-01-04,@,Edmonton Oilers,1,2,L,SO,,34,10,1,2,0,,34,4,0,5,0,,49,54,47.6,33,37,47.1,22,25,46.8,51.0,96.2
43,2018-01-06,@,Calgary Flames,2,3,L,,,29,24,0,3,1,,31,32,0,4,0,,32,53,37.6,25,38,39.7,27,22,55.1,32.6,93.5
44,2018-01-13,@,Los Angeles Kings,4,2,W,,,22,19,1,2,0,,25,19,0,2,0,,44,48,47.8,33,33,50.0,21,20,51.2,64.0,106.3
45,2018-01-15,@,Colorado Avalanche,1,3,L,,,34,12,0,2,0,,29,4,1,6,0,,50,39,56.2,41,25,62.1,20,17,54.1,68.4,92.7
46,2018-01-17,,Pittsburgh Penguins,5,3,W,,,33,14,0,2,1,,33,10,2,4,0,,39,53,42.4,33,39,45.8,30,20,60.0,50.0,114.7
47,2018-01-19,,Los Angeles Kings,2,1,W,,,31,2,0,2,0,,24,4,0,1,0,,51,63,44.7,41,41,50.0,30,19,61.2,38.2,104.5
48,2018-01-21,,San Jose Sharks,2,6,L,,,35,10,1,3,0,,26,4,2,5,0,,58,38,60.4,44,29,60.3,24,20,54.5,68.0,82.7
49,2018-01-23,,New York Rangers,6,3,W,,,31,6,2,6,1,,44,10,1,3,1,,40,44,47.6,34,41,45.3,29,18,61.7,43.8,109.7
50,2018-01-25,,Winnipeg Jets,4,3,W,SO,,39,4,0,4,0,,27,8,0,2,0,,66,43,60.6,51,35,59.3,28,22,56.0,65.9,92.7
51,2018-01-30,@,Boston Bruins,3,1,W,,,27,10,1,2,0,,31,6,0,4,0,,33,48,40.7,27,34,44.3,28,21,57.1,34.4,105.5
52,2018-02-01,@,Ottawa Senators,1,2,L,OT,,31,10,0,2,0,,32,6,2,4,0,,59,34,63.4,41,27,60.3,21,20,51.2,51.4,103.7
53,2018-02-03,@,Montreal Canadiens,2,5,L,,,45,22,1,4,0,,29,6,3,7,0,,66,29,69.5,44,19,69.8,17,17,50.0,67.3,89.6
54,2018-02-05,@,Toronto Maple Leafs,4,7,L,,,44,6,1,3,0,,40,6,1,3,0,,70,48,59.3,49,40,55.1,24,29,45.3,62.5,88.1
55,2018-02-06,@,Buffalo Sabres,4,3,W,OT,,33,6,1,3,0,,33,8,1,2,1,,50,47,51.5,37,35,51.4,22,33,40.0,38.0,107.1
56,2018-02-09,,Edmonton Oilers,3,2,W,,,34,9,0,2,0,,32,9,0,3,0,,51,54,48.6,43,40,51.8,28,20,58.3,36.7,102.0
57,2018-02-11,,San Jose Sharks,2,3,L,SO,,27,7,0,2,0,,39,9,0,1,0,,52,59,46.8,36,50,41.9,29,33,46.8,49.6,102.0
58,2018-02-13,@,Detroit Red Wings,1,2,L,,,33,4,0,4,0,,16,8,0,2,0,,47,38,55.3,33,27,55.0,29,14,67.4,53.8,91.4
59,2018-02-15,@,Chicago Blackhawks,3,2,W,,,32,12,0,2,0,,44,6,1,5,0,,41,60,40.6,34,40,45.9,23,23,50.0,42.1,107.1
60,2018-02-17,@,Minnesota Wild,3,2,W,SO,,31,11,1,3,0,,38,11,0,3,0,,58,56,50.9,37,43,46.3,20,26,43.5,46.7,97.6
61,2018-02-19,@,Vegas Golden Knights,2,0,W,,,20,6,0,0,0,,33,2,,2,,,40,67,37.4,32,43,42.7,31,29,51.7,35.9,110.5
62,2018-02-21,,Dallas Stars,2,0,W,,,17,15,1,3,1,,41,11,,4,,,32,52,38.1,21,44,32.3,21,22,48.8,41.9,100.0
63,2018-02-24,@,Arizona Coyotes,0,2,L,,,26,8,0,2,0,,38,4,0,4,0,,50,47,51.5,33,39,45.8,25,15,62.5,64.0,93.3
64,2018-02-25,,Edmonton Oilers,5,6,L,SO,,46,4,1,3,0,,42,6,0,2,0,,56,55,50.5,50,45,52.6,29,32,47.5,58.1,95.0
65,2018-03-02,,Columbus Blue Jackets,4,2,W,,,35,12,0,2,1,,36,8,0,4,0,,52,49,51.5,43,41,51.2,29,23,55.8,48.3,102.9
66,2018-03-04,,Chicago Blackhawks,6,3,W,,,31,9,1,2,0,,40,9,0,2,0,,53,73,42.1,45,56,44.6,22,27,44.9,27.6,108.7
67,2018-03-06,,Washington Capitals,4,0,W,,,18,8,1,1,0,,36,4,,3,,,45,68,39.8,35,46,43.2,17,27,38.6,28.7,117.6
68,2018-03-08,@,Nashville Predators,2,4,L,,,33,7,0,2,0,,28,9,0,1,1,,53,44,54.6,35,38,47.9,17,25,40.5,55.2,96.2
69,2018-03-09,@,Dallas Stars,1,2,L,,,27,4,0,3,0,,37,6,2,2,0,,49,63,43.8,30,41,42.3,21,24,46.7,34.4,104.2
70,2018-03-12,,St. Louis Blues,2,4,L,,,22,2,0,1,0,,23,2,0,1,0,,53,40,57.0,33,30,52.4,20,19,51.3,64.0,90.5
71,2018-03-14,,Vancouver Canucks,3,0,W,,,37,4,1,6,0,,32,22,,2,,,48,49,49.5,39,39,50.0,24,21,53.3,54.9,106.7
72,2018-03-16,,Detroit Red Wings,4,2,W,,,36,23,0,2,0,,30,19,0,5,0,,40,42,48.8,37,33,52.9,28,21,57.1,60.0,103.8
73,2018-03-18,,New Jersey Devils,4,2,W,,,36,8,1,2,0,,17,6,1,4,0,,62,29,68.1,50,20,71.4,27,20,57.4,80.0,101.9
74,2018-03-21,@,Calgary Flames,4,0,W,,,16,8,0,1,1,,29,6,,2,,,35,58,37.6,24,45,34.8,24,22,52.2,42.6,121.4
75,2018-03-23,@,Winnipeg Jets,2,3,L,OT,,18,4,1,2,0,,42,4,0,2,0,,28,79,26.2,23,55,29.5,21,34,38.2,32.2,99.5
76,2018-03-25,@,Edmonton Oilers,5,4,W,OT,,38,8,0,2,0,,32,4,1,4,0,,64,47,57.7,47,40,54.0,26,23,53.1,44.1,103.2
77,2018-03-27,@,Vancouver Canucks,1,4,L,,,24,2,0,2,0,,30,4,0,1,0,,40,49,44.9,25,41,37.9,23,22,51.1,58.1,90.3
78,2018-03-30,,Los Angeles Kings,2,1,W,OT,,33,0,0,1,0,,29,2,0,0,0,,69,51,57.5,51,39,56.7,30,20,60.0,46.2,102.8
79,2018-04-01,,Colorado Avalanche,4,3,W,OT,,42,12,0,2,0,,31,8,1,4,0,,69,51,57.5,48,38,55.8,36,22,62.1,68.8,104.6
80,2018-04-04,,Minnesota Wild,3,1,W,,,30,6,0,3,0,,27,6,1,3,0,,58,41,58.6,46,28,62.2,20,24,45.5,43.6,110.7
81,2018-04-06,,Dallas Stars,5,3,W,,,33,2,1,4,0,,26,8,0,1,0,,45,44,50.6,34,31,52.3,20,25,44.4,28.6,102.4
82,2018-04-07,@,Arizona Coyotes,3,0,W,,,27,15,1,2,0,,31,11,,4,,,43,58,42.6,35,42,45.5,24,22,52.2,45.5,109.1
1,2016-10-13,@,Dallas Stars,2,4,L,,,35,8,0,5,1,,20,10,0,4,0,,40,41,49.4,34,29,54.0,27,14,65.9,75.0,79.5
2,2016-10-15,@,Pittsburgh Penguins,2,3,L,,,36,6,1,3,0,,45,6,1,3,0,,54,46,54.0,41,40,50.6,34,18,65.4,42.9,97.7
3,2016-10-16,@,New York Islanders,2,3,L,OT,,26,10,0,4,0,,30,10,0,4,0,,34,44,43.6,23,34,40.4,23,20,53.5,49.7,98.5
4,2016-10-18,@,New Jersey Devils,1,2,L,,,24,19,1,4,0,,28,13,2,7,0,,25,28,47.2,18,21,46.2,20,21,48.8,57.7,100.0
5,2016-10-20,@,Philadelphia Flyers,3,2,W,,,26,16,0,2,0,,22,6,1,7,0,,35,30,53.8,22,20,52.4,16,13,55.2,40.0,109.1
6,2016-10-23,,Vancouver Canucks,4,2,W,,,37,4,1,2,0,,19,4,0,2,1,,66,31,68.0,46,24,65.7,31,16,66.0,70.6,102.7
7,2016-10-25,@,San Jose Sharks,1,2,L,OT,,20,13,0,3,0,,36,21,1,5,0,,33,45,42.3,18,28,39.1,26,17,60.5,42.9,104.2
8,2016-10-26,,Nashville Predators,6,1,W,,,26,10,3,4,2,,29,8,1,5,0,,34,47,42.0,27,35,43.5,23,19,54.8,42.3,107.1
9,2016-10-28,,Columbus Blue Jackets,0,4,L,,,35,17,0,4,0,,37,15,1,5,0,,47,42,52.8,42,37,53.2,25,19,56.8,53.1,89.7
10,2016-11-01,@,Los Angeles Kings,4,0,W,,,21,48,2,4,0,,30,44,,1,,,33,50,39.8,26,38,40.6,33,19,63.5,55.6,111.1
11,2016-11-02,,Pittsburgh Penguins,1,5,L,,,33,13,1,3,0,,34,13,1,3,0,,47,49,49.0,36,40,47.4,31,20,60.8,48.7,87.5
12,2016-11-04,,Arizona Coyotes,5,1,W,,,33,9,1,2,0,,22,11,0,1,0,,50,37,57.5,41,28,59.4,30,28,51.7,53.2,107.5
13,2016-11-06,,Calgary Flames,4,1,W,,,21,20,2,3,0,,26,22,0,2,0,,30,45,40.0,24,33,42.1,24,21,53.3,38.7,109.0
14,2016-11-09,@,Columbus Blue Jackets,2,3,L,OT,,32,6,0,3,0,,18,6,0,3,0,,40,32,55.6,28,20,58.3,31,21,59.6,54.5,88.7
15,2016-11-10,@,Carolina Hurricanes,4,2,W,,,27,9,0,3,0,,30,11,0,2,0,,35,53,39.8,27,33,45.0,22,24,47.8,28.6,112.3
16,2016-11-12,@,Nashville Predators,0,5,L,,,27,18,0,6,0,,27,22,1,4,1,,36,34,51.4,25,31,44.6,17,29,37.0,54.5,85.7
17,2016-11-15,,Edmonton Oilers,4,1,W,,,27,15,1,3,0,,34,13,0,4,0,,30,60,33.3,24,45,34.8,23,22,51.1,40.8,113.3
18,2016-11-17,,New Jersey Devils,3,2,W,,,23,6,0,2,0,,29,4,0,3,0,,39,51,43.3,29,40,42.0,34,29,54.0,37.5,106.7
19,2016-11-20,,Los Angeles Kings,2,3,L,,,30,11,1,7,0,,29,19,2,3,0,,40,41,49.4,27,34,44.3,28,15,65.1,28.6,101.4
20,2016-11-22,,New York Islanders,2,3,L,SO,,41,8,1,2,0,,35,4,1,5,0,,64,37,63.4,50,28,64.1,29,23,55.8,52.4,97.1
21,2016-11-25,,Chicago Blackhawks,2,3,L,,,36,4,0,2,0,,25,4,1,2,0,,57,36,61.3,44,27,62.0,44,16,73.3,52.8,97.4
22,2016-11-26,@,San Jose Sharks,3,2,W,,,26,6,1,1,0,,23,2,1,3,0,,50,53,48.5,36,29,55.4,27,33,45.0,48.7,102.5
23,2016-11-29,,Montreal Canadiens,2,1,W,,,38,13,1,4,0,,40,23,0,3,0,,48,66,42.1,39,48,44.8,26,26,50.0,42.0,101.1
24,2016-12-01,@,Vancouver Canucks,3,1,W,,,24,6,0,1,0,,28,2,0,3,0,,44,46,48.9,28,29,49.1,34,20,63.0,50.0,110.1
25,2016-12-03,@,Edmonton Oilers,2,3,L,OT,,33,9,1,2,0,,32,7,1,2,0,,55,54,50.5,36,39,48.0,26,21,55.3,45.5,96.4
26,2016-12-04,@,Calgary Flames,3,8,L,,,33,21,1,4,0,,25,33,2,3,1,,39,34,53.4,29,26,52.7,29,23,55.8,45.5,83.3
27,2016-12-07,,Carolina Hurricanes,6,5,W,SO,,38,10,0,3,0,,34,4,1,5,0,,57,42,57.6,41,37,52.6,29,20,59.2,38.0,99.0
28,2016-12-09,,San Jose Sharks,3,2,W,,,32,7,0,3,0,,24,11,0,1,0,,44,60,42.3,29,40,42.0,24,21,53.3,48.3,106.3
29,2016-12-11,,Ottawa Senators,5,1,W,,,32,10,3,4,0,,22,10,1,4,0,,48,43,52.7,42,28,60.0,28,21,57.1,52.4,107.1
30,2016-12-13,@,Dallas Stars,2,6,L,,,36,10,1,5,0,,27,12,1,4,0,,51,43,54.3,39,34,53.4,26,25,51.0,69.2,80.0
31,2016-12-15,@,Boston Bruins,4,3,W,,,27,8,0,3,0,,34,4,1,4,0,,38,69,35.5,30,47,39.0,23,20,53.5,25.9,110.0
32,2016-12-17,@,Detroit Red Wings,4,6,L,,,25,11,2,2,0,,32,9,0,3,0,,36,48,42.9,28,44,38.9,26,30,46.4,41.2,87.3
33,2016-12-19,@,Toronto Maple Leafs,3,2,W,,,28,6,2,5,0,,35,8,0,3,0,,40,42,48.8,31,28,52.5,30,18,62.5,46.7,96.1
34,2016-12-20,@,Montreal Canadiens,1,5,L,,,13,12,0,3,0,,34,6,2,6,0,,15,45,25.0,13,34,27.7,22,22,50.0,36.2,99.3
35,2016-12-22,@,Ottawa Senators,1,2,L,OT,,25,11,1,4,0,,18,15,1,2,0,,46,30,60.5,32,20,61.5,24,22,52.2,49.7,92.9
36,2016-12-27,,San Jose Sharks,2,3,L,OT,,36,13,0,1,0,,25,7,0,4,0,,60,38,61.2,50,29,63.3,31,17,64.6,60.9,91.8
37,2016-12-29,@,Calgary Flames,3,1,W,,,25,10,2,6,0,,32,14,0,4,0,,35,27,56.5,26,22,54.2,18,19,48.6,31.0,100.6
38,2016-12-30,@,Vancouver Canucks,2,3,L,OT,,26,14,0,1,1,,26,2,1,7,0,,33,35,48.5,22,26,45.8,21,18,53.8,64.6,95.6
39,2017-01-01,,Philadelphia Flyers,4,3,W,SO,,25,19,0,2,0,,55,13,1,5,0,,41,65,38.7,30,49,38.0,24,24,50.0,39.4,110.0
40,2017-01-04,,Detroit Red Wings,2,0,W,,,24,8,0,4,0,,23,10,,3,,,50,39,56.2,38,31,55.1,16,22,42.1,50.9,108.7
41,2017-01-06,,Arizona Coyotes,3,2,W,OT,,35,4,0,3,0,,23,6,1,2,0,,60,32,65.2,47,23,67.1,22,18,55.0,60.0,103.8
42,2017-01-08,,Minnesota Wild,1,2,L,,,24,10,0,3,0,,36,8,1,4,0,,44,50,46.8,36,33,52.2,20,24,45.5,46.4,99.8
43,2017-01-10,,Dallas Stars,2,0,W,,,38,6,1,4,0,,34,8,,3,,,49,45,52.1,38,39,49.4,22,19,53.7,59.4,103.6
44,2017-01-12,@,Colorado Avalanche,4,1,W,,,32,11,0,1,0,,34,7,0,3,0,,52,48,52.0,41,33,55.4,24,34,41.4,47.4,109.5
45,2017-01-14,@,Arizona Coyotes,3,0,W,,,23,6,0,2,0,,26,4,,3,,,36,55,39.6,26,43,37.7,20,23,46.5,40.7,115.0
46,2017-01-15,,St. Louis Blues,1,2,L,OT,,23,11,0,3,0,,25,11,0,3,0,,34,46,42.5,31,35,47.0,17,24,41.5,47.0,96.1
47,2017-01-17,,Tampa Bay Lightning,2,1,W,OT,,21,6,1,5,0,,28,8,0,3,0,,33,52,38.8,19,32,37.3,30,11,73.2,32.1,102.6
48,2017-01-19,,Colorado Avalanche,2,1,W,,,36,7,1,5,0,,22,13,1,1,0,,59,40,59.6,44,30,59.5,26,24,52.0,65.7,104.0
49,2017-01-21,@,Minnesota Wild,3,5,L,,,29,9,1,2,1,,25,9,0,2,0,,38,42,47.5,33,35,48.5,25,20,55.6,59.3,81.3
50,2017-01-23,@,Winnipeg Jets,3,2,W,,,27,19,1,2,1,,33,13,0,5,0,,29,35,45.3,23,27,46.0,30,19,61.2,34.4,96.9
51,2017-01-25,,Edmonton Oilers,0,4,L,,,26,4,0,2,0,,23,4,0,2,0,,48,32,60.0,39,24,61.9,25,24,51.0,58.8,77.8
52,2017-01-31,,Colorado Avalanche,5,1,W,,,31,8,1,1,0,,29,2,0,4,0,,45,46,49.5,37,38,49.3,31,26,54.4,60.0,110.1
53,2017-02-03,@,Florida Panthers,1,2,L,,,23,17,0,3,0,,37,13,0,5,0,,36,42,46.2,25,35,41.7,22,23,48.9,34.6,97.6
54,2017-02-04,@,Tampa Bay Lightning,2,3,L,SO,,16,21,0,5,0,,37,19,1,7,0,,29,63,31.5,22,45,32.8,24,26,48.0,41.8,110.6
55,2017-02-07,@,New York Rangers,1,4,L,,,44,4,0,4,0,,20,10,0,1,0,,66,35,65.3,48,28,63.2,21,21,50.0,72.3,80.6
56,2017-02-09,@,Buffalo Sabres,5,2,W,,,44,9,1,4,0,,26,13,1,2,0,,59,36,62.1,46,29,61.3,22,30,42.3,67.6,106.1
57,2017-02-11,@,Washington Capitals,4,6,L,,,22,10,0,2,0,,39,8,1,3,1,,40,51,44.0,27,39,40.9,28,18,60.9,41.6,107.7
58,2017-02-14,@,Minnesota Wild,1,0,W,,,23,20,0,0,0,,37,0,,5,,,42,49,46.2,26,37,41.3,19,29,39.6,33.3,104.5
59,2017-02-17,,Florida Panthers,1,4,L,,,36,8,0,3,1,,31,8,1,3,1,,50,47,51.5,43,37,53.8,25,12,67.6,62.0,92.0
60,2017-02-19,,Los Angeles Kings,1,0,W,,,29,7,0,2,0,,24,9,,2,,,56,47,54.4,43,33,56.6,11,17,39.3,33.3,103.7
61,2017-02-20,@,Arizona Coyotes,2,3,L,,,36,6,0,2,0,,20,4,0,3,0,,59,38,60.8,45,30,60.0,24,18,57.1,61.8,90.5
62,2017-02-22,,Boston Bruins,5,3,W,,,25,10,0,3,0,,29,6,0,5,0,,35,49,41.7,28,33,45.9,29,22,56.9,53.1,111.4
63,2017-02-25,@,Los Angeles Kings,1,4,L,,,33,20,0,4,0,,33,20,0,4,0,,42,47,47.2,36,34,51.4,24,25,49.0,36.3,87.7
64,2017-03-03,,Toronto Maple Leafs,5,2,W,,,36,8,0,1,0,,39,2,1,4,0,,57,70,44.9,45,53,45.9,33,30,52.4,31.0,112.1
65,2017-03-05,,Vancouver Canucks,1,2,L,,,44,4,0,2,0,,27,4,0,2,0,,70,38,64.8,55,29,65.5,22,17,56.4,66.7,92.8
66,2017-03-07,,Nashville Predators,4,3,W,SO,,42,20,1,3,0,,27,16,1,5,1,,82,40,67.2,59,32,64.8,36,20,64.3,60.1,100.4
67,2017-03-09,@,Chicago Blackhawks,1,0,W,,,26,21,0,2,0,,43,11,,2,,,49,67,42.2,27,49,35.5,33,23,58.9,46.8,104.2
68,2017-03-10,@,St. Louis Blues,3,4,L,,,26,4,1,2,0,,35,2,0,2,0,,45,50,47.4,33,37,47.1,27,27,50.0,43.2,95.8
69,2017-03-12,,Washington Capitals,5,2,W,,,32,10,1,6,0,,27,22,1,5,0,,42,50,45.7,35,34,50.7,31,23,57.4,58.9,112.3
70,2017-03-15,,St. Louis Blues,2,1,W,,,22,6,0,5,1,,27,10,0,3,0,,35,50,41.2,21,35,37.5,19,18,51.4,50.0,100.6
71,2017-03-17,,Buffalo Sabres,1,2,L,SO,,40,7,0,0,0,,31,5,0,1,0,,76,60,55.9,62,38,62.0,35,19,64.8,47.2,98.9
72,2017-03-18,@,San Jose Sharks,2,1,W,,,27,10,0,2,0,,34,8,1,3,0,,44,69,38.9,28,50,35.9,18,18,50.0,25.3,109.5
73,2017-03-22,,Edmonton Oilers,4,3,W,,,34,12,0,5,0,,32,12,1,5,0,,43,41,51.2,33,35,48.5,21,24,46.7,52.0,109.0
74,2017-03-24,,Winnipeg Jets,3,1,W,,,35,6,0,3,0,,18,6,1,3,0,,63,33,65.6,47,25,65.3,20,24,45.5,76.9,110.3
75,2017-03-26,,New York Rangers,6,3,W,,,34,9,1,3,1,,28,11,0,2,0,,50,56,47.2,39,42,48.1,30,27,52.6,46.9,100.8
76,2017-03-28,@,Vancouver Canucks,4,1,W,,,39,4,0,4,0,,35,8,0,2,0,,52,45,53.6,40,40,50.0,27,27,50.0,29.3,109.4
77,2017-03-30,@,Winnipeg Jets,3,4,L,OT,,28,17,1,2,0,,41,13,0,4,1,,36,62,36.7,30,50,37.5,27,20,57.4,43.1,98.6
78,2017-04-01,@,Edmonton Oilers,2,3,L,OT,,18,8,2,2,0,,37,4,1,4,0,,38,66,36.5,24,39,38.1,33,22,60.0,32.4,93.1
79,2017-04-02,@,Calgary Flames,4,3,W,,,34,11,1,3,0,,21,11,2,4,0,,45,37,54.9,37,29,56.1,26,17,60.5,53.8,104.5
80,2017-04-04,,Calgary Flames,3,1,W,,,20,34,0,4,0,,27,76,0,4,0,,43,44,49.4,38,31,55.1,24,19,55.8,42.6,112.6
81,2017-04-06,,Chicago Blackhawks,4,0,W,,,26,16,1,3,0,,37,8,,3,,,38,53,41.8,29,45,39.2,20,21,48.8,33.5,117.6
82,2017-04-09,,Los Angeles Kings,4,3,W,OT,,24,10,1,5,0,,18,8,1,4,0,,45,40,52.9,34,27,55.7,25,23,52.1,34.4,101.7
1,2015-10-10,@,San Jose Sharks,0,2,L,,,27,2,0,1,0,,44,2,0,1,0,,54,69,43.9,37,51,42.0,32,23,58.2,47.4,95.1
2,2015-10-12,,Vancouver Canucks,1,2,L,SO,,29,9,0,2,0,,25,9,0,2,0,,58,42,58.0,41,31,56.9,16,18,47.1,62.4,99.6
3,2015-10-14,,Arizona Coyotes,0,4,L,,,37,17,0,3,0,,29,11,1,6,0,,39,34,53.4,34,25,57.6,23,19,54.8,70.4,85.7
4,2015-10-16,,Colorado Avalanche,0,3,L,,,35,8,0,5,0,,25,14,0,2,0,,76,39,66.1,41,29,58.6,28,25,52.8,65.8,87.0
5,2015-10-18,,Minnesota Wild,4,1,W,,,22,2,0,2,0,,35,4,0,1,0,,44,69,38.9,35,49,41.7,29,33,46.8,35.3,115.9
6,2015-10-22,@,Nashville Predators,1,5,L,,,28,10,1,5,0,,29,10,1,5,0,,39,37,51.3,25,27,48.1,27,18,60.0,59.6,83.3
7,2015-10-24,@,Minnesota Wild,0,3,L,,,15,8,0,1,0,,30,2,0,5,1,,35,43,44.9,20,33,37.7,21,29,42.0,40.0,92.0
8,2015-10-26,@,Chicago Blackhawks,0,1,L,OT,,39,25,0,3,0,,24,15,0,3,0,,48,41,53.9,37,27,57.8,28,21,57.1,65.3,95.2
9,2015-10-27,@,Dallas Stars,3,4,L,,,20,11,1,4,0,,34,13,1,3,1,,38,44,46.3,23,37,38.3,27,26,50.9,25.7,105.0
10,2015-10-29,@,St. Louis Blues,1,2,L,,,23,17,1,4,0,,34,15,0,5,0,,35,46,43.2,26,35,42.6,20,30,40.0,47.1,93.3
11,2015-11-01,,Nashville Predators,4,2,W,,,28,12,0,2,0,,42,8,1,6,0,,38,66,36.5,30,51,37.0,21,26,44.7,27.2,113.1
12,2015-11-04,,Florida Panthers,3,2,W,SO,,39,6,1,5,0,,25,10,0,3,0,,57,44,56.4,43,31,58.1,27,24,52.9,48.5,94.8
13,2015-11-06,,Columbus Blue Jackets,4,2,W,,,34,8,1,3,0,,36,10,0,2,0,,47,40,54.0,38,35,52.1,29,17,63.0,44.9,103.8
14,2015-11-07,@,San Jose Sharks,1,0,W,,,17,28,0,2,0,,31,24,,4,,,40,40,50.0,28,33,45.9,21,33,38.9,57.7,106.3
15,2015-11-09,,Arizona Coyotes,3,4,L,OT,,36,10,1,4,0,,28,8,1,5,0,,45,40,52.9,38,31,55.1,15,21,41.7,52.6,93.1
16,2015-11-11,,Edmonton Oilers,3,4,L,OT,,37,9,1,2,0,,27,9,1,2,0,,53,50,51.5,44,39,53.0,30,23,56.6,58.6,93.8
17,2015-11-13,,New York Islanders,1,4,L,,,25,17,1,3,0,,29,13,0,5,0,,48,46,51.1,33,31,51.6,22,22,50.0,62.5,77.8
18,2015-11-16,@,Carolina Hurricanes,4,1,W,,,20,6,0,0,0,,25,0,0,3,0,,41,42,49.4,28,27,50.9,21,28,42.9,50.0,115.2
19,2015-11-17,@,Nashville Predators,2,3,L,,,40,19,0,5,0,,21,17,1,6,0,,57,20,74.0,38,14,73.1,16,18,47.1,73.5,90.7
20,2015-11-19,@,Florida Panthers,3,1,W,,,41,11,1,3,1,,25,11,0,3,0,,48,38,55.8,41,32,56.2,23,21,52.3,60.7,98.6
21,2015-11-21,@,Tampa Bay Lightning,0,5,L,,,30,14,0,1,0,,24,8,2,4,0,,48,43,52.7,40,31,56.3,28,22,56.0,61.1,81.3
22,2015-11-24,,Calgary Flames,5,3,W,,,32,9,2,2,0,,25,9,0,2,0,,67,32,67.7,48,28,63.2,30,22,57.7,55.2,97.3
23,2015-11-25,@,Arizona Coyotes,2,4,L,,,31,8,2,3,0,,34,8,1,3,0,,42,49,46.2,34,34,50.0,22,30,42.3,53.3,88.9
24,2015-11-27,,Chicago Blackhawks,2,3,L,OT,,25,10,0,3,0,,32,8,1,4,0,,49,53,48.0,35,38,47.9,35,27,56.5,33.1,102.1
25,2015-11-30,,Vancouver Canucks,4,0,W,,,30,8,1,3,0,,25,18,,3,,,49,45,52.1,37,32,53.6,29,20,59.2,46.7,112.5
26,2015-12-02,,Tampa Bay Lightning,1,2,L,,,33,8,0,4,0,,22,8,1,4,0,,51,37,58.0,36,28,56.3,24,26,48.0,50.0,98.7
27,2015-12-04,,San Jose Sharks,1,0,W,,,26,11,0,4,0,,23,13,,4,,,45,38,54.2,33,26,55.9,16,22,42.1,53.8,104.8
28,2015-12-06,,Pittsburgh Penguins,2,1,W,,,25,6,0,1,0,,24,4,0,2,0,,53,50,51.5,33,38,46.5,29,21,58.0,41.2,103.1
29,2015-12-11,,Carolina Hurricanes,1,5,L,,,32,22,0,1,0,,24,9,1,3,0,,70,40,63.6,53,30,63.9,26,26,50.0,57.6,85.0
30,2015-12-17,@,Buffalo Sabres,0,3,L,,,44,8,0,3,0,,22,8,0,3,0,,54,35,60.7,43,24,64.2,24,29,45.3,53.3,83.3
31,2015-12-19,@,New Jersey Devils,2,1,W,,,18,4,0,0,0,,22,0,0,2,0,,35,35,50.0,28,28,50.0,19,24,44.2,34.5,106.1
32,2015-12-21,@,New York Islanders,2,5,L,,,29,13,0,1,0,,31,9,0,3,0,,53,50,51.5,35,36,49.3,26,22,54.2,44.6,87.7
33,2015-12-22,@,New York Rangers,2,3,L,OT,,19,20,0,4,0,,22,18,1,5,0,,32,34,48.5,22,26,45.8,26,23,53.1,46.1,98.4
34,2015-12-27,,Philadelphia Flyers,4,2,W,,,37,25,2,3,1,,26,23,1,5,0,,47,27,63.5,39,19,67.2,25,15,62.5,63.3,97.1
35,2015-12-29,@,Calgary Flames,1,0,W,,,21,25,0,2,0,,14,13,,3,,,41,24,63.1,29,13,69.0,14,25,35.9,70.4,105.0
36,2015-12-31,@,Edmonton Oilers,1,0,W,,,35,13,1,2,0,,21,11,,3,,,50,34,59.5,36,21,63.2,21,26,44.7,55.9,100.0
37,2016-01-01,@,Vancouver Canucks,1,2,L,SO,,28,6,1,2,0,,25,4,0,3,0,,47,30,61.0,35,26,57.4,26,15,63.4,56.7,95.5
38,2016-01-03,,Winnipeg Jets,4,1,W,,,35,17,2,2,0,,20,13,0,4,0,,49,31,61.3,39,24,61.9,31,20,60.8,60.7,101.4
39,2016-01-06,,Toronto Maple Leafs,0,4,L,,,39,31,0,2,0,,38,13,0,6,0,,53,58,47.7,45,42,51.7,25,26,49.0,42.6,86.7
40,2016-01-08,,St. Louis Blues,4,3,W,SO,,39,13,1,5,0,,28,15,0,4,0,,57,38,60.0,47,30,61.0,26,37,41.3,67.2,93.4
41,2016-01-10,,Detroit Red Wings,1,2,L,,,31,6,0,2,0,,24,4,0,3,0,,58,49,54.2,46,36,56.1,17,22,43.6,44.8,94.5
42,2016-01-13,,Ottawa Senators,4,1,W,,,38,14,1,3,0,,25,16,0,2,0,,55,35,61.1,44,22,66.7,34,14,70.8,60.0,104.1
43,2016-01-15,,Dallas Stars,4,2,W,,,35,8,1,3,0,,24,6,1,4,1,,45,49,47.9,35,31,53.0,26,28,48.1,48.6,112.0
44,2016-01-17,,Los Angeles Kings,2,3,L,,,32,14,0,3,0,,26,16,1,2,0,,51,49,51.0,39,35,52.7,32,28,53.3,48.8,99.6
45,2016-01-20,,Minnesota Wild,3,1,W,,,27,6,0,1,0,,26,2,0,3,0,,45,50,47.4,31,37,45.6,21,23,47.7,50.0,108.7
46,2016-01-23,@,Detroit Red Wings,4,3,W,,,35,8,0,4,0,,27,8,0,4,0,,39,34,53.4,31,23,57.4,19,30,38.8,37.1,101.7
47,2016-01-26,@,Boston Bruins,6,2,W,,,39,15,1,4,0,,34,15,0,4,0,,43,46,48.3,37,34,52.1,23,26,46.9,41.1,108.5
48,2016-02-02,,San Jose Sharks,3,2,W,,,25,6,0,4,1,,32,8,0,3,0,,44,55,44.4,32,36,47.1,23,22,51.1,32.3,102.8
49,2016-02-04,@,Los Angeles Kings,4,2,W,,,24,6,1,5,0,,25,12,1,2,0,,37,38,49.3,27,29,48.2,26,20,56.5,36.5,112.1
50,2016-02-05,,Arizona Coyotes,5,2,W,,,41,10,1,7,0,,25,14,1,5,0,,53,32,62.4,39,24,61.9,24,20,54.5,54.2,108.5
51,2016-02-08,@,Pittsburgh Penguins,2,6,L,,,38,12,0,2,0,,35,4,0,1,0,,57,54,51.4,44,42,51.2,26,37,41.3,39.0,87.0
52,2016-02-09,@,Philadelphia Flyers,4,1,W,,,26,23,1,4,0,,29,19,1,7,0,,38,43,46.9,33,23,58.9,16,22,42.1,29.1,110.5
53,2016-02-11,@,Columbus Blue Jackets,3,4,L,SO,,27,13,0,2,0,,34,9,1,4,0,,40,55,42.1,30,36,45.5,21,15,58.3,20.0,106.1
54,2016-02-13,@,Chicago Blackhawks,3,2,W,OT,,44,6,1,3,0,,23,6,1,2,0,,62,36,63.3,47,27,63.5,30,22,57.7,66.2,100.6
55,2016-02-15,@,Calgary Flames,6,4,W,,,28,10,3,3,0,,37,8,2,5,0,,42,48,46.7,30,37,44.8,25,21,54.3,42.6,107.8
56,2016-02-16,@,Edmonton Oilers,5,3,W,,,31,8,1,4,1,,27,6,2,4,0,,43,43,50.0,30,31,49.2,22,23,48.9,40.3,108.3
57,2016-02-18,@,Vancouver Canucks,5,2,W,,,33,10,1,3,0,,21,8,1,4,0,,40,36,52.6,37,23,61.7,26,24,52.0,50.2,108.7
58,2016-02-21,,Calgary Flames,5,2,W,,,33,14,2,5,0,,24,12,1,5,0,,52,38,57.8,40,29,58.0,23,21,52.3,50.0,105.2
59,2016-02-24,,Buffalo Sabres,1,0,W,,,29,8,1,3,0,,26,6,,4,,,48,42,53.3,33,31,51.6,28,20,58.3,70.4,100.0
60,2016-02-26,,Edmonton Oilers,2,1,W,OT,,34,6,1,3,0,,18,6,0,3,0,,58,37,61.1,40,27,59.7,11,20,35.5,66.7,97.3
61,2016-02-28,,Los Angeles Kings,4,2,W,,,29,12,3,5,0,,29,14,1,4,0,,50,45,52.6,40,30,57.1,23,18,56.1,38.1,100.0
62,2016-03-02,,Montreal Canadiens,3,2,W,SO,,35,13,1,5,0,,27,15,0,3,0,,46,53,46.5,35,33,51.5,20,28,41.7,50.3,94.9
63,2016-03-03,@,Arizona Coyotes,5,1,W,,,21,38,3,7,0,,28,44,1,6,0,,22,37,37.3,15,29,34.1,16,17,48.5,28.2,116.7
64,2016-03-05,@,Los Angeles Kings,3,2,W,,,22,44,2,2,0,,34,36,2,6,0,,33,50,39.8,26,40,39.4,25,23,52.1,42.4,105.6
65,2016-03-07,,Washington Capitals,1,2,L,SO,,28,4,0,4,0,,32,8,0,4,0,,53,42,55.8,40,31,56.3,25,17,59.5,53.3,100.0
66,2016-03-09,@,Colorado Avalanche,0,3,L,,,37,8,0,3,0,,26,10,0,2,0,,64,36,64.0,48,25,65.8,24,17,58.5,46.2,86.4
67,2016-03-11,@,St. Louis Blues,2,5,L,,,28,8,1,3,0,,23,6,0,3,0,,42,33,56.0,31,23,57.4,14,28,33.3,74.3,77.7
68,2016-03-14,,New Jersey Devils,7,1,W,,,27,6,1,3,0,,25,6,0,3,0,,44,39,53.0,35,29,54.7,34,13,72.3,42.2,120.5
69,2016-03-16,,New York Rangers,1,2,L,,,23,6,0,0,0,,23,0,0,3,0,,54,34,61.4,36,25,59.0,23,27,46.0,62.2,94.5
70,2016-03-18,,Boston Bruins,4,0,W,,,26,9,0,2,0,,38,11,,2,,,45,61,42.5,38,48,44.2,20,20,50.0,25.9,116.7
71,2016-03-20,@,Winnipeg Jets,3,2,W,OT,,33,11,1,2,0,,29,9,0,3,0,,42,39,51.9,34,30,53.1,28,25,52.8,49.5,98.9
72,2016-03-22,@,Montreal Canadiens,3,4,L,,,35,7,0,2,0,,23,9,0,1,0,,61,42,59.2,40,26,60.6,32,19,62.7,46.9,91.5
73,2016-03-24,@,Toronto Maple Leafs,5,6,L,OT,,38,20,2,4,1,,26,8,3,5,0,,46,47,49.5,38,37,50.7,22,24,47.8,41.4,93.5
74,2016-03-26,@,Ottawa Senators,4,3,W,OT,,39,18,1,4,0,,33,18,0,4,0,,55,37,59.8,43,32,57.3,16,26,38.1,55.4,98.3
75,2016-03-28,@,Edmonton Oilers,2,1,W,,,25,6,0,4,0,,28,8,0,3,0,,34,49,41.0,27,33,45.0,17,28,37.8,38.2,106.2
76,2016-03-30,,Calgary Flames,8,3,W,,,27,18,1,3,0,,26,28,1,3,0,,43,57,43.0,35,40,46.7,31,19,62.0,28.3,125.0
77,2016-04-01,,Vancouver Canucks,2,3,L,,,36,6,0,1,0,,28,4,0,2,0,,53,49,52.0,46,37,55.4,28,22,56.0,54.5,94.7
78,2016-04-03,,Dallas Stars,3,1,W,,,24,10,0,2,2,,25,4,0,4,0,,40,52,43.5,35,31,53.0,20,11,64.5,52.9,100.9
79,2016-04-05,,Winnipeg Jets,1,2,L,OT,,28,6,1,4,0,,26,8,0,3,0,,46,34,57.5,30,28,51.7,25,16,61.0,57.1,89.5
80,2016-04-07,@,Los Angeles Kings,1,2,L,,,20,17,0,3,0,,31,17,0,3,0,,34,54,38.6,21,40,34.4,28,30,48.3,43.8,99.5
81,2016-04-09,@,Colorado Avalanche,5,3,W,,,31,16,2,4,0,,32,19,1,7,0,,40,40,50.0,28,25,52.8,21,18,53.8,59.5,103.6
82,2016-04-10,@,Washington Capitals,2,0,W,,,21,13,0,3,0,,24,13,,3,,,34,44,43.6,29,31,48.3,24,13,64.9,50.0,110.5
